175,20220301132146
797,20220301132147
356,20220301132148
966,20220301132149
516,20220301132150
48,20220301132151
353,20220301132152
388,20220301132153
431,20220301132154
8,20220301132155
247,20220301132156
716,20220301132157
89,20220301132158
169,20220301132159
458,20220301132200
364,20220301132201
708,20220301132202
748,20220301132203
530,20220301132204
785,20220301132205
723,20220301132206
807,20220301132207
18,20220301132208
865,20220301132209
732,20220301132210
336,20220301132211
324,20220301132212
