6,203321
5,203322
3,203323
3,203324
9,203325
10,203326
4,203327
3,203328
0,203329
5,203330
5,203331
0,203332
2,203333
6,203334
2,203335
8,203336
2,203337
3,203338
4,203339
1,203340
9,203341
2,203342
7,203343
7,203344
3,203345
7,203346
0,203347
7,203348
10,203349
4,203350
1,203351
1,203352
0,203353
8,203354
0,203355
9,203356
4,203357
2,203358
2,203359
2,203400
7,203401
3,203402
7,203403
8,203404
5,203405
1,203406
8,203408
2,203409
4,203410
9,203411
10,203412
4,203413
2,203414
1,203415
7,203416
5,203417
9,203418
7,203419
0,203420
2,203421
8,203422
3,203423
7,203424
4,203425
7,203426
1,203427
6,203428
1,203429
2,203430
0,203431
10,203432
10,203433
3,203434
8,203435
0,203436
3,203437
0,203438
2,203439
10,203440
10,203441
4,203442
4,203443
1,203444
2,203445
4,203446
3,203447
0,203448
7,203449
8,203450
0,203451
3,203452
5,203453
0,203454
6,203455
10,203456
7,203457
10,203458
3,203459
6,203500
4,203501
6,203502
2,203503
2,203504
0,203505
4,203506
0,203507
6,203508
8,203509
5,203510
2,203511
8,203512
8,203513
1,203514
3,203515
6,203516
1,203517
5,203518
3,203519
1,203520
6,203521
5,203522
1,203523
3,203524
6,203525
5,203526
1,203527
4,203528
3,203529
7,203530
10,203531
3,203532
7,203533
8,203534
2,203535
0,203536
9,203537
7,203538
0,203539
1,203540
1,203541
7,203542
6,203543
5,203544
0,203545
0,203546
5,203547
1,203548
0,203549
5,203550
2,203551
9,203552
0,203553
7,203554
2,203555
7,203556
8,203557
6,203558
4,203559
9,203600
8,203601
10,203602
6,203603
0,203604
5,203605
1,203606
8,203607
5,203608
3,203609
8,203610
0,203611
3,203612
7,203613
8,203614
9,203615
7,203616
5,203617
5,203618
8,203619
0,203620
1,203621
0,203622
3,203623
